% Round-ratio growth rate
RGR = [1.0, 1.3, -0.2, 0.1, 0.1, 0.3, 0.5, 0.3, 0.5, 0.1, -0.2, 0.3];
% Year-on-year growth rate
YGR = [4.9, 4.9, 5.4, 5.3, 5.5, 6.4, 6.5, 6.2, 6.1, 5.5, 4.2, 4.1];
% Accumulated growth rate
AGR = [4.9, 4.9, 5.0, 5.1, 5.2, 5.4, 5.5, 5.6, 5.7, 5.6, 5.5, 5.4];
